0.000000 2.409197
0.000001 2.407915
0.000002 2.407805
0.000003 2.408354
0.000004 2.407256
0.000005 2.407301
0.000006 2.408830
0.000007 2.407292
0.000008 2.407576
0.000009 2.408638
0.000010 2.408739
0.000011 2.405983
0.000012 2.407567
0.000013 2.407842
0.000014 2.408025
0.000015 2.407384
0.000016 2.408153
0.000017 2.407366
0.000018 2.406432
0.000019 2.407301
0.000020 2.407539
0.000021 2.407549
0.000022 2.406313
0.000023 2.405965
0.000024 2.406349
0.000025 2.407521
0.000026 2.406249
0.000027 2.407448
0.000028 2.408318
0.000029 2.408629
0.000030 2.407219
0.000031 2.406926
0.000032 2.407347
0.000033 2.408858
0.000034 2.407796
0.000035 2.409004
0.000036 2.407182
0.000037 2.409114
0.000038 2.407539
0.000039 2.407823
0.000040 2.408116
0.000041 2.407073
0.000042 2.407411
0.000043 2.407713
0.000044 2.406102
0.000045 2.407567
0.000046 2.407640
0.000047 2.406944
0.000048 2.407448
0.000049 2.407649
0.000050 2.407521
0.000051 2.408537
0.000052 2.406917
0.000053 2.407558
0.000054 2.407897
0.000055 2.407329
0.000056 2.406468
0.000057 2.409480
0.000058 2.407485
0.000059 2.408006
0.000060 2.408080
0.000061 2.408940
0.000062 2.407997
0.000063 2.408016
0.000064 2.407704
0.000065 2.406130
0.000066 2.408913
0.000067 2.407805
0.000068 2.407961
0.000069 2.408757
0.000070 2.408281
0.000071 2.408455
0.000072 2.408171
0.000073 2.407897
0.000074 2.407878
0.000075 2.407475
0.000076 2.407842
0.000077 2.406441
0.000078 2.407402
0.000079 2.407860
0.000080 2.408190
0.000081 2.408226
0.000082 2.407741
0.000083 2.408061
0.000084 2.408171
0.000085 2.408327
0.000086 2.408611
0.000087 2.407631
0.000088 2.407485
0.000089 2.408711
0.000090 2.408510
0.000091 2.407567
0.000092 2.407787
0.000093 2.408281
0.000094 2.407750
0.000095 2.408153
0.000096 2.408482
0.000097 2.408263
0.000098 2.408208
0.000099 2.407860
0.000100 2.408876
0.000101 2.408959
0.000102 2.407430
0.000103 2.406972
0.000104 2.407054
0.000105 2.408254
0.000106 2.408675
0.000107 2.408437
0.000108 2.408125
0.000109 2.408327
0.000110 2.407860
0.000111 2.407686
0.000112 2.407979
0.000113 2.409334
0.000114 2.407805
0.000115 2.408034
0.000116 2.407970
0.000117 2.407915
0.000118 2.408748
0.000119 2.408986
0.000120 2.407796
0.000121 2.408272
0.000122 2.408565
0.000123 2.408299
0.000124 2.409023
0.000125 2.408418
0.000126 2.407585
0.000127 2.408089
0.000128 2.407448
0.000129 2.408244
0.000130 2.407073
0.000131 2.408244
0.000132 2.406963
0.000133 2.407457
0.000134 2.408464
0.000135 2.408428
0.000136 2.408098
0.000137 2.408327
0.000138 2.407750
0.000139 2.408968
0.000140 2.407466
0.000141 2.408519
0.000142 2.408473
0.000143 2.408180
0.000144 2.407686
0.000145 2.408565
0.000146 2.408455
0.000147 2.408153
0.000148 2.407961
0.000149 2.408949
0.000150 2.409114
0.000151 2.408592
0.000152 2.408867
0.000153 2.408794
0.000154 2.408299
0.000155 2.408400
0.000156 2.408043
0.000157 2.409673
0.000158 2.407402
0.000159 2.409151
0.000160 2.409471
0.000161 2.409361
0.000162 2.407677
0.000163 2.407347
0.000164 2.408272
0.000165 2.408949
0.000166 2.408199
0.000167 2.409426
0.000168 2.410240
0.000169 2.408428
0.000170 2.408647
0.000171 2.409004
0.000172 2.408739
0.000173 2.408409
0.000174 2.408382
0.000175 2.407677
0.000176 2.408025
0.000177 2.408931
0.000178 2.409306
0.000179 2.409535
0.000180 2.408244
0.000181 2.408391
0.000182 2.408830
0.000183 2.408281
0.000184 2.407997
0.000185 2.407860
0.000186 2.408968
0.000187 2.406166
0.000188 2.408940
0.000189 2.408153
0.000190 2.407906
0.000191 2.409371
0.000192 2.408611
0.000193 2.408757
0.000194 2.408153
0.000195 2.408034
0.000196 2.408400
0.000197 2.408400
0.000198 2.407924
0.000199 2.408757
0.000200 2.408629
0.000201 2.406752
0.000202 2.408519
0.000203 2.407686
0.000204 2.407851
0.000205 2.408382
0.000206 2.408583
0.000207 2.408528
0.000208 2.408501
0.000209 2.408052
0.000210 2.408592
0.000211 2.408446
0.000212 2.407457
0.000213 2.407842
0.000214 2.408052
0.000215 2.408894
0.000216 2.407127
0.000217 2.407750
0.000218 2.408254
0.000219 2.407997
0.000220 2.408016
0.000221 2.408098
0.000222 2.408775
0.000223 2.407970
0.000224 2.408400
0.000225 2.407530
0.000226 2.408647
0.000227 2.408217
0.000228 2.408473
0.000229 2.407704
0.000230 2.407979
0.000231 2.408565
0.000232 2.406963
0.000233 2.407347
0.000234 2.407311
0.000235 2.407713
0.000236 2.409279
0.000237 2.407970
0.000238 2.408171
0.000239 2.408574
0.000240 2.407091
0.000241 2.407878
0.000242 2.408180
0.000243 2.407366
0.000244 2.406871
0.000245 2.407585
0.000246 2.407951
0.000247 2.407732
0.000248 2.407091
0.000249 2.408153
0.000250 2.407649
0.000251 2.406532
0.000252 2.408171
0.000253 2.406587
0.000254 2.408089
0.000255 2.407494
0.000256 2.408721
0.000257 2.408629
0.000258 2.406477
0.000259 2.407164
0.000260 2.407933
0.000261 2.407439
0.000262 2.407640
0.000263 2.408098
0.000264 2.407713
0.000265 2.406926
0.000266 2.406770
0.000267 2.406358
0.000268 2.407549
0.000269 2.407054
0.000270 2.407677
0.000271 2.408354
0.000272 2.406569
0.000273 2.406395
0.000274 2.407466
0.000275 2.407924
0.000276 2.408382
0.000277 2.407851
0.000278 2.406816
0.000279 2.407686
0.000280 2.407713
0.000281 2.407906
0.000282 2.407878
0.000283 2.407924
0.000284 2.407283
0.000285 2.407237
0.000286 2.407814
0.000287 2.407228
0.000288 2.407402
0.000289 2.407247
0.000290 2.408125
0.000291 2.407686
0.000292 2.406734
0.000293 2.407329
0.000294 2.407988
0.000295 2.406990
0.000296 2.406871
0.000297 2.407713
0.000298 2.407768
0.000299 2.407713
0.000300 2.407585
0.000301 2.406075
0.000302 2.407054
0.000303 2.406569
0.000304 2.406944
0.000305 2.407695
0.000306 2.406935
0.000307 2.406999
0.000308 2.407338
0.000309 2.407420
0.000310 2.406999
0.000311 2.407320
0.000312 2.408043
0.000313 2.407668
0.000314 2.406423
0.000315 2.406908
0.000316 2.406954
0.000317 2.407173
0.000318 2.408217
0.000319 2.406651
0.000320 2.406450
0.000321 2.406468
0.000322 2.405846
0.000323 2.406908
0.000324 2.408061
0.000325 2.407036
0.000326 2.406239
0.000327 2.407604
0.000328 2.406441
0.000329 2.407439
0.000330 2.407073
0.000331 2.407292
0.000332 2.407045
0.000333 2.407814
0.000334 2.406596
0.000335 2.405983
0.000336 2.406880
0.000337 2.408080
0.000338 2.407265
0.000339 2.406587
0.000340 2.407503
0.000341 2.406761
0.000342 2.406441
0.000343 2.407100
0.000344 2.407201
0.000345 2.407686
0.000346 2.406926
0.000347 2.406761
0.000348 2.407411
0.000349 2.407787
0.000350 2.407366
0.000351 2.406349
0.000352 2.407686
0.000353 2.406807
0.000354 2.406569
0.000355 2.406780
0.000356 2.408501
0.000357 2.406798
0.000358 2.407741
0.000359 2.408400
0.000360 2.407594
0.000361 2.406835
0.000362 2.408235
0.000363 2.406084
0.000364 2.408061
0.000365 2.407430
0.000366 2.406651
0.000367 2.407301
0.000368 2.407164
0.000369 2.407320
0.000370 2.408757
0.000371 2.407539
0.000372 2.408043
0.000373 2.406880
0.000374 2.407082
0.000375 2.406999
0.000376 2.406542
0.000377 2.407146
0.000378 2.407924
0.000379 2.407539
0.000380 2.406642
0.000381 2.406780
0.000382 2.406432
0.000383 2.407137
0.000384 2.406532
0.000385 2.406560
0.000386 2.406505
0.000387 2.406963
0.000388 2.408254
0.000389 2.408107
0.000390 2.406587
0.000391 2.407439
0.000392 2.406166
0.000393 2.406789
0.000394 2.407732
0.000395 2.408519
0.000396 2.406999
0.000397 2.407539
0.000398 2.406102
0.000399 2.407164
0.000400 2.406239
0.000401 2.407970
0.000402 2.407411
0.000403 2.407677
0.000404 2.406596
0.000405 2.407073
0.000406 2.406990
0.000407 2.406972
0.000408 2.405809
0.000409 2.406505
0.000410 2.406981
0.000411 2.407567
0.000412 2.405901
0.000413 2.406899
0.000414 2.408629
0.000415 2.406761
0.000416 2.406835
0.000417 2.406725
0.000418 2.406001
0.000419 2.406761
0.000420 2.406798
0.000421 2.407759
0.000422 2.407713
0.000423 2.407118
0.000424 2.406514
0.000425 2.406715
0.000426 2.406780
0.000427 2.407659
0.000428 2.407457
0.000429 2.407109
0.000430 2.407933
0.000431 2.407750
0.000432 2.407237
0.000433 2.407347
0.000434 2.406542
0.000435 2.406871
0.000436 2.407869
0.000437 2.406029
0.000438 2.406935
0.000439 2.406954
0.000440 2.406816
0.000441 2.407082
0.000442 2.406450
0.000443 2.407622
0.000444 2.406844
0.000445 2.406825
0.000446 2.406642
0.000447 2.407320
0.000448 2.407008
0.000449 2.407027
0.000450 2.406889
0.000451 2.407384
0.000452 2.406725
0.000453 2.407283
0.000454 2.406944
0.000455 2.406230
0.000456 2.406651
0.000457 2.408025
0.000458 2.408299
0.000459 2.407604
0.000460 2.407146
0.000461 2.406899
0.000462 2.407750
0.000463 2.407805
0.000464 2.408116
0.000465 2.408739
0.000466 2.407494
0.000467 2.406908
0.000468 2.406853
0.000469 2.407631
0.000470 2.406981
0.000471 2.406862
0.000472 2.407420
0.000473 2.407265
0.000474 2.407283
0.000475 2.407338
0.000476 2.406871
0.000477 2.406450
0.000478 2.406853
0.000479 2.406551
0.000480 2.406926
0.000481 2.407439
0.000482 2.406569
0.000483 2.407247
0.000484 2.406029
0.000485 2.406880
0.000486 2.407109
0.000487 2.406496
0.000488 2.406926
0.000489 2.407585
0.000490 2.407045
0.000491 2.407594
0.000492 2.406477
0.000493 2.407118
0.000494 2.407466
0.000495 2.407796
0.000496 2.406908
0.000497 2.407274
0.000498 2.407869
0.000499 2.408006
0.000500 2.407567
0.000501 2.407640
0.000502 2.406780
0.000503 2.406322
0.000504 2.408061
0.000505 2.408263
0.000506 2.406496
0.000507 2.407549
0.000508 2.408482
0.000509 2.407228
0.000510 2.407823
0.000511 2.407942
0.000512 2.406990
0.000513 2.407457
0.000514 2.406752
0.000515 2.408043
0.000516 2.407164
0.000517 2.406377
0.000518 2.406917
0.000519 2.407448
0.000520 2.407851
0.000521 2.407878
0.000522 2.407860
0.000523 2.407219
0.000524 2.407439
0.000525 2.406615
0.000526 2.406258
0.000527 2.407759
0.000528 2.406194
0.000529 2.407137
0.000530 2.407512
0.000531 2.406825
0.000532 2.406423
0.000533 2.407713
0.000534 2.407201
0.000535 2.408574
0.000536 2.408135
0.000537 2.406377
0.000538 2.407420
0.000539 2.408052
0.000540 2.406642
0.000541 2.406606
0.000542 2.406999
0.000543 2.407054
0.000544 2.407356
0.000545 2.408153
0.000546 2.406056
0.000547 2.406487
0.000548 2.407759
0.000549 2.407219
0.000550 2.408162
0.000551 2.408071
0.000552 2.406853
0.000553 2.407375
0.000554 2.407366
0.000555 2.407118
0.000556 2.407329
0.000557 2.406761
0.000558 2.406798
0.000559 2.407576
0.000560 2.406715
0.000561 2.407118
0.000562 2.406981
0.000563 2.407970
0.000564 2.408711
0.000565 2.406505
0.000566 2.407640
0.000567 2.407109
0.000568 2.407265
0.000569 2.408794
0.000570 2.406862
0.000571 2.407823
0.000572 2.408290
0.000573 2.407301
0.000574 2.406825
0.000575 2.407356
0.000576 2.407439
0.000577 2.407137
0.000578 2.406770
0.000579 2.406651
0.000580 2.407375
0.000581 2.406780
0.000582 2.407256
0.000583 2.406523
0.000584 2.406798
0.000585 2.407283
0.000586 2.407677
0.000587 2.408290
0.000588 2.407494
0.000589 2.407366
0.000590 2.407292
0.000591 2.406954
0.000592 2.407192
0.000593 2.407091
0.000594 2.406624
0.000595 2.408199
0.000596 2.407713
0.000597 2.406935
0.000598 2.406221
0.000599 2.407146
0.000600 2.407539
0.000601 2.408318
0.000602 2.407237
0.000603 2.406258
0.000604 2.407997
0.000605 2.407054
0.000606 2.405544
0.000607 2.406651
0.000608 2.406853
0.000609 2.407512
0.000610 2.406111
0.000611 2.407924
0.000612 2.406770
0.000613 2.406294
0.000614 2.407384
0.000615 2.406743
0.000616 2.406184
0.000617 2.407100
0.000618 2.406505
0.000619 2.406404
0.000620 2.405525
0.000621 2.407430
0.000622 2.405187
0.000623 2.402550
0.000624 2.399995
0.000625 2.397203
0.000626 2.392863
0.000627 2.388954
0.000628 2.385063
0.000629 2.384028
0.000630 2.382380
0.000631 2.388524
0.000632 2.391545
0.000633 2.393577
0.000634 2.395024
0.000635 2.399748
0.000636 2.398412
0.000637 2.399904
0.000638 2.400746
0.000639 2.399776
0.000640 2.401057
0.000641 2.403209
0.000642 2.404024
0.000643 2.405168
0.000644 2.407292
0.000645 2.405571
0.000646 2.406505
0.000647 2.406734
0.000648 2.406294
0.000649 2.406780
0.000650 2.406715
0.000651 2.407475
0.000652 2.405901
0.000653 2.407219
0.000654 2.406477
0.000655 2.407585
0.000656 2.405763
0.000657 2.407301
0.000658 2.406130
0.000659 2.407778
0.000660 2.406706
0.000661 2.408583
0.000662 2.405956
0.000663 2.407219
0.000664 2.407146
0.000665 2.407732
0.000666 2.406395
0.000667 2.406624
0.000668 2.407942
0.000669 2.406944
0.000670 2.406835
0.000671 2.407329
0.000672 2.406395
0.000673 2.407146
0.000674 2.407539
0.000675 2.405562
0.000676 2.406990
0.000677 2.407970
0.000678 2.405864
0.000679 2.408299
0.000680 2.407063
0.000681 2.407292
0.000682 2.406889
0.000683 2.407677
0.000684 2.407915
0.000685 2.407127
0.000686 2.406468
0.000687 2.406194
0.000688 2.406157
0.000689 2.407201
0.000690 2.406798
0.000691 2.407475
0.000692 2.408400
0.000693 2.407301
0.000694 2.407659
0.000695 2.407732
0.000696 2.407594
0.000697 2.406835
0.000698 2.406606
0.000699 2.406880
0.000700 2.406734
0.000701 2.406267
0.000702 2.406761
0.000703 2.406166
0.000704 2.406148
0.000705 2.407887
0.000706 2.406624
0.000707 2.406697
0.000708 2.406459
0.000709 2.407768
0.000710 2.407036
0.000711 2.407457
0.000712 2.406972
0.000713 2.407283
0.000714 2.407613
0.000715 2.406954
0.000716 2.406761
0.000717 2.407649
0.000718 2.406725
0.000719 2.406596
0.000720 2.406935
0.000721 2.406670
0.000722 2.406569
0.000723 2.408125
0.000724 2.407210
0.000725 2.407311
0.000726 2.407127
0.000727 2.406551
0.000728 2.406285
0.000729 2.407082
0.000730 2.406459
0.000731 2.405653
0.000732 2.407347
0.000733 2.406825
0.000734 2.407228
0.000735 2.407347
0.000736 2.407567
0.000737 2.406679
0.000738 2.406194
0.000739 2.407265
0.000740 2.406889
0.000741 2.406743
0.000742 2.406468
0.000743 2.406093
0.000744 2.407338
0.000745 2.406368
0.000746 2.405534
0.000747 2.406825
0.000748 2.407466
0.000749 2.406075
0.000750 2.407366
0.000751 2.406084
0.000752 2.406130
0.000753 2.407659
0.000754 2.405470
0.000755 2.406670
0.000756 2.406487
0.000757 2.407521
0.000758 2.406056
0.000759 2.407082
0.000760 2.405315
0.000761 2.406944
0.000762 2.406111
0.000763 2.406056
0.000764 2.405525
0.000765 2.407539
0.000766 2.407082
0.000767 2.406606
0.000768 2.406908
0.000769 2.405800
0.000770 2.407045
0.000771 2.406542
0.000772 2.405415
0.000773 2.407970
0.000774 2.406157
0.000775 2.406386
0.000776 2.406551
0.000777 2.406505
0.000778 2.406514
0.000779 2.407384
0.000780 2.406880
0.000781 2.406285
0.000782 2.406963
0.000783 2.407539
0.000784 2.406139
0.000785 2.406642
0.000786 2.406011
0.000787 2.408199
0.000788 2.405910
0.000789 2.406120
0.000790 2.406798
0.000791 2.406789
0.000792 2.406816
0.000793 2.407018
0.000794 2.406505
0.000795 2.406917
0.000796 2.406441
0.000797 2.407778
0.000798 2.407274
0.000799 2.407887
0.000800 2.406532
0.000801 2.406386
0.000802 2.406816
0.000803 2.407411
0.000804 2.406468
0.000805 2.407567
0.000806 2.406899
0.000807 2.407778
0.000808 2.406679
0.000809 2.405928
0.000810 2.406560
0.000811 2.407247
0.000812 2.407594
0.000813 2.408455
0.000814 2.408254
0.000815 2.406313
0.000816 2.405928
0.000817 2.406770
0.000818 2.406688
0.000819 2.406606
0.000820 2.406386
0.000821 2.408455
0.000822 2.406450
0.000823 2.407430
0.000824 2.407137
0.000825 2.407402
0.000826 2.406203
0.000827 2.404802
0.000828 2.407027
0.000829 2.406615
0.000830 2.406981
0.000831 2.407530
0.000832 2.407347
0.000833 2.407018
0.000834 2.406020
0.000835 2.407329
0.000836 2.406413
0.000837 2.407237
0.000838 2.406148
0.000839 2.406954
0.000840 2.406990
0.000841 2.407640
0.000842 2.406230
0.000843 2.407750
0.000844 2.406487
0.000845 2.407338
0.000846 2.406001
0.000847 2.406935
0.000848 2.407118
0.000849 2.407320
0.000850 2.407311
0.000851 2.407805
0.000852 2.406889
0.000853 2.407100
0.000854 2.406056
0.000855 2.407585
0.000856 2.406807
0.000857 2.406139
0.000858 2.405718
0.000859 2.407530
0.000860 2.405333
0.000861 2.407018
0.000862 2.407320
0.000863 2.406267
0.000864 2.406999
0.000865 2.408071
0.000866 2.407768
0.000867 2.407805
0.000868 2.406505
0.000869 2.406139
0.000870 2.406166
0.000871 2.407713
0.000872 2.405992
0.000873 2.407155
0.000874 2.407164
0.000875 2.406954
0.000876 2.406285
0.000877 2.407201
0.000878 2.406542
0.000879 2.406752
0.000880 2.405901
0.000881 2.406935
0.000882 2.406963
0.000883 2.407402
0.000884 2.406935
0.000885 2.406084
0.000886 2.406615
0.000887 2.407338
0.000888 2.406413
0.000889 2.407631
0.000890 2.406413
0.000891 2.406606
0.000892 2.406157
0.000893 2.406578
0.000894 2.406303
0.000895 2.406651
0.000896 2.406670
0.000897 2.407457
0.000898 2.406725
0.000899 2.406807
0.000900 2.406349
0.000901 2.407182
0.000902 2.406578
0.000903 2.406239
0.000904 2.407036
0.000905 2.406542
0.000906 2.406706
0.000907 2.406981
0.000908 2.406606
0.000909 2.407201
0.000910 2.405040
0.000911 2.405351
0.000912 2.405974
0.000913 2.406230
0.000914 2.406551
0.000915 2.406487
0.000916 2.404152
0.000917 2.404683
0.000918 2.405653
0.000919 2.403923
0.000920 2.403987
0.000921 2.404628
0.000922 2.404015
0.000923 2.405360
0.000924 2.404775
0.000925 2.406093
0.000926 2.405480
0.000927 2.405791
0.000928 2.403072
0.000929 2.403951
0.000930 2.404555
0.000931 2.403447
0.000932 2.401900
0.000933 2.402715
0.000934 2.401598
0.000935 2.400627
0.000936 2.396342
0.000937 2.390474
0.000938 2.371897
0.000939 2.325919
0.000940 2.279583
0.000941 2.254250
0.000942 2.238375
0.000943 2.235061
0.000944 2.228496
0.000945 2.230675
0.000946 2.235418
0.000947 2.245699
0.000948 2.273614
0.000949 2.328107
0.000950 2.374287
0.000951 2.394054
0.000952 2.396947
0.000953 2.401057
0.000954 2.401415
0.000955 2.402312
0.000956 2.402898
0.000957 2.403804
0.000958 2.404720
0.000959 2.404289
0.000960 2.403941
0.000961 2.403566
0.000962 2.405397
0.000963 2.402293
0.000964 2.396535
0.000965 2.393495
0.000966 2.390941
0.000967 2.390263
0.000968 2.389631
0.000969 2.389595
0.000970 2.388231
0.000971 2.391398
0.000972 2.391023
0.000973 2.392305
0.000974 2.396480
0.000975 2.402422
0.000976 2.403969
0.000977 2.404106
0.000978 2.405425
0.000979 2.406423
0.000980 2.405864
0.000981 2.405635
0.000982 2.405525
0.000983 2.406267
0.000984 2.405827
0.000985 2.405653
0.000986 2.405168
0.000987 2.406587
0.000988 2.405754
0.000989 2.405910
0.000990 2.405837
0.000991 2.406230
0.000992 2.406267
0.000993 2.406203
0.000994 2.405882
0.000995 2.405946
0.000996 2.406725
0.000997 2.405031
0.000998 2.405068
0.000999 2.404976
0.001000 2.406725
0.001001 2.406075
0.001002 2.404839
0.001003 2.406477
0.001004 2.405031
0.001005 2.405544
0.001006 2.405306
0.001007 2.404994
0.001008 2.405040
0.001009 2.404939
0.001010 2.406899
0.001011 2.406587
0.001012 2.406157
0.001013 2.406221
0.001014 2.405772
0.001015 2.406642
0.001016 2.406487
0.001017 2.405608
0.001018 2.406670
0.001019 2.404628
0.001020 2.406487
0.001021 2.406084
0.001022 2.405342
0.001023 2.405882
0.001024 2.405882
0.001025 2.406487
0.001026 2.406468
0.001027 2.405068
0.001028 2.405251
0.001029 2.405544
0.001030 2.404665
0.001031 2.405022
0.001032 2.405415
0.001033 2.405727
0.001034 2.405901
0.001035 2.404628
0.001036 2.405617
0.001037 2.405589
0.001038 2.406267
0.001039 2.405351
0.001040 2.405681
0.001041 2.405031
0.001042 2.404335
0.001043 2.404619
0.001044 2.404958
0.001045 2.404207
0.001046 2.404765
0.001047 2.404289
0.001048 2.404985
0.001049 2.404234
0.001050 2.404262
0.001051 2.404088
0.001052 2.403099
0.001053 2.405315
0.001054 2.405571
0.001055 2.404042
0.001056 2.404527
0.001057 2.404353
0.001058 2.404518
0.001059 2.405132
0.001060 2.404738
0.001061 2.405058
0.001062 2.404610
0.001063 2.404518
0.001064 2.405498
0.001065 2.404793
0.001066 2.404390
0.001067 2.405892
0.001068 2.403969
0.001069 2.404326
0.001070 2.404720
0.001071 2.405205
0.001072 2.404427
0.001073 2.404765
0.001074 2.404097
0.001075 2.404179
0.001076 2.404436
0.001077 2.404967
0.001078 2.405068
0.001079 2.404271
0.001080 2.405241
0.001081 2.404967
0.001082 2.405919
0.001083 2.405168
0.001084 2.405068
0.001085 2.404811
0.001086 2.405022
0.001087 2.403667
0.001088 2.404573
0.001089 2.404894
0.001090 2.404097
0.001091 2.403822
0.001092 2.404262
0.001093 2.403896
0.001094 2.404985
0.001095 2.404628
0.001096 2.404051
0.001097 2.405873
0.001098 2.404454
0.001099 2.404298
0.001100 2.405104
0.001101 2.404179
0.001102 2.404271
0.001103 2.404161
0.001104 2.404326
0.001105 2.404811
0.001106 2.404317
0.001107 2.405003
0.001108 2.404994
0.001109 2.405241
0.001110 2.404189
0.001111 2.403896
0.001112 2.404747
0.001113 2.403685
0.001114 2.404738
0.001115 2.403694
0.001116 2.403987
0.001117 2.403978
0.001118 2.403401
0.001119 2.403310
0.001120 2.403758
0.001121 2.404170
0.001122 2.403511
0.001123 2.403310
0.001124 2.403886
0.001125 2.403639
0.001126 2.402989
0.001127 2.402934
0.001128 2.402907
0.001129 2.403511
0.001130 2.402202
0.001131 2.403420
0.001132 2.402715
0.001133 2.402870
0.001134 2.403017
0.001135 2.402275
0.001136 2.403474
0.001137 2.403090
0.001138 2.403108
0.001139 2.401415
0.001140 2.403127
0.001141 2.403420
0.001142 2.401772
0.001143 2.401671
0.001144 2.402870
0.001145 2.401451
0.001146 2.400279
0.001147 2.402824
0.001148 2.401369
0.001149 2.402092
0.001150 2.401286
0.001151 2.402055
0.001152 2.401762
0.001153 2.402046
0.001154 2.402019
0.001155 2.402916
0.001156 2.401836
0.001157 2.402065
0.001158 2.400014
0.001159 2.401817
0.001160 2.399428
0.001161 2.402055
0.001162 2.400966
0.001163 2.400215
0.001164 2.401424
0.001165 2.401387
0.001166 2.399455
0.001167 2.400096
0.001168 2.399107
0.001169 2.399886
0.001170 2.397917
0.001171 2.397844
0.001172 2.395564
0.001173 2.394319
0.001174 2.394136
0.001175 2.395363
0.001176 2.394319
0.001177 2.395033
0.001178 2.393404
0.001179 2.391279
0.001180 2.390666
0.001181 2.388533
0.001182 2.387398
0.001183 2.384962
0.001184 2.382133
0.001185 2.378682
0.001186 2.368309
0.001187 2.331843
0.001188 2.244152
0.001189 2.148121
0.001190 2.092740
0.001191 2.070382
0.001192 2.052428
0.001193 2.048190
0.001194 2.046670
0.001195 2.049087
0.001196 2.048702
0.001197 2.049380
0.001198 2.068148
0.001199 2.127768
0.001200 2.220961
0.001201 2.311051
0.001202 2.368455
0.001203 2.384706
0.001204 2.386876
0.001205 2.392708
0.001206 2.393367
0.001207 2.395903
0.001208 2.396645
0.001209 2.395976
0.001210 2.397075
0.001211 2.397267
0.001212 2.399684
0.001213 2.399217
0.001214 2.397368
0.001215 2.399446
0.001216 2.399748
0.001217 2.398540
0.001218 2.399464
0.001219 2.400490
0.001220 2.400023
0.001221 2.400426
0.001222 2.399950
0.001223 2.400948
0.001224 2.400325
0.001225 2.401543
0.001226 2.399995
0.001227 2.401790
0.001228 2.399986
0.001229 2.400764
0.001230 2.400325
0.001231 2.399492
0.001232 2.400911
0.001233 2.400893
0.001234 2.400179
0.001235 2.400746
0.001236 2.399080
0.001237 2.401003
0.001238 2.400920
0.001239 2.400929
0.001240 2.401314
0.001241 2.399748
0.001242 2.400499
0.001243 2.399748
0.001244 2.401186
0.001245 2.401643
0.001246 2.401415
0.001247 2.402431
0.001248 2.402193
0.001249 2.401836
0.001250 2.401149
0.001251 2.401936
0.001252 2.401424
0.001253 2.400975
0.001254 2.399849
0.001255 2.401964
0.001256 2.401094
0.001257 2.400206
0.001258 2.401643
0.001259 2.401726
0.001260 2.400957
0.001261 2.400600
0.001262 2.401524
0.001263 2.401570
0.001264 2.400911
0.001265 2.400783
0.001266 2.401076
0.001267 2.402605
0.001268 2.401808
0.001269 2.401003
0.001270 2.400673
0.001271 2.400371
0.001272 2.401003
0.001273 2.401167
0.001274 2.401204
0.001275 2.401433
0.001276 2.401378
0.001277 2.401762
0.001278 2.401561
0.001279 2.401634
0.001280 2.402422
0.001281 2.400957
0.001282 2.400819
0.001283 2.401103
0.001284 2.401534
0.001285 2.400362
0.001286 2.400481
0.001287 2.402925
0.001288 2.399886
0.001289 2.401186
0.001290 2.401433
0.001291 2.401808
0.001292 2.401836
0.001293 2.400554
0.001294 2.400133
0.001295 2.401268
0.001296 2.400645
0.001297 2.401176
0.001298 2.400316
0.001299 2.401314
0.001300 2.400856
0.001301 2.401826
0.001302 2.402046
0.001303 2.401552
0.001304 2.400865
0.001305 2.401598
0.001306 2.401808
0.001307 2.402513
0.001308 2.401735
0.001309 2.401332
0.001310 2.401021
0.001311 2.401808
0.001312 2.401433
0.001313 2.401762
0.001314 2.401415
0.001315 2.402293
0.001316 2.400682
0.001317 2.402989
0.001318 2.400920
0.001319 2.402779
0.001320 2.401900
0.001321 2.403090
0.001322 2.401323
0.001323 2.401268
0.001324 2.399940
0.001325 2.400764
0.001326 2.401442
0.001327 2.400526
0.001328 2.402660
0.001329 2.401872
0.001330 2.400710
0.001331 2.401872
0.001332 2.401799
0.001333 2.401653
0.001334 2.403145
0.001335 2.401076
0.001336 2.400911
0.001337 2.402239
0.001338 2.401964
0.001339 2.402220
0.001340 2.400636
0.001341 2.401341
0.001342 2.402751
0.001343 2.401634
0.001344 2.400728
0.001345 2.401350
0.001346 2.402138
0.001347 2.400957
0.001348 2.403255
0.001349 2.401048
0.001350 2.401964
0.001351 2.401534
0.001352 2.401607
0.001353 2.401451
0.001354 2.401515
0.001355 2.401826
0.001356 2.402504
0.001357 2.402788
0.001358 2.400462
0.001359 2.401891
0.001360 2.402751
0.001361 2.401085
0.001362 2.400746
0.001363 2.401744
0.001364 2.401039
0.001365 2.401350
0.001366 2.401753
0.001367 2.402101
0.001368 2.401305
0.001369 2.401845
0.001370 2.402110
0.001371 2.402632
0.001372 2.401543
0.001373 2.402522
0.001374 2.401927
0.001375 2.402650
0.001376 2.400801
0.001377 2.400581
0.001378 2.401918
0.001379 2.404024
0.001380 2.398769
0.001381 2.400975
0.001382 2.401140
0.001383 2.401616
0.001384 2.402293
0.001385 2.401341
0.001386 2.402184
0.001387 2.400819
0.001388 2.401112
0.001389 2.402376
0.001390 2.401369
0.001391 2.402742
0.001392 2.402293
0.001393 2.402303
0.001394 2.402046
0.001395 2.401634
0.001396 2.402449
0.001397 2.400783
0.001398 2.401424
0.001399 2.402550
0.001400 2.402522
0.001401 2.402184
0.001402 2.401753
0.001403 2.402293
0.001404 2.402477
0.001405 2.402028
0.001406 2.401277
0.001407 2.402751
0.001408 2.400636
0.001409 2.402101
0.001410 2.402605
0.001411 2.402861
0.001412 2.402422
0.001413 2.401946
0.001414 2.402477
0.001415 2.402760
0.001416 2.402184
0.001417 2.402605
0.001418 2.401085
0.001419 2.402879
0.001420 2.400829
0.001421 2.402202
0.001422 2.402055
0.001423 2.402138
0.001424 2.402568
0.001425 2.402184
0.001426 2.402339
0.001427 2.403859
0.001428 2.401918
0.001429 2.403072
0.001430 2.401515
0.001431 2.402705
0.001432 2.402687
0.001433 2.402266
0.001434 2.401808
0.001435 2.402193
0.001436 2.402394
0.001437 2.401891
0.001438 2.402211
0.001439 2.401469
0.001440 2.402550
0.001441 2.401231
0.001442 2.402843
0.001443 2.401360
0.001444 2.401799
0.001445 2.401286
0.001446 2.401762
0.001447 2.402101
0.001448 2.402861
0.001449 2.402303
0.001450 2.403529
0.001451 2.402367
0.001452 2.402229
0.001453 2.402852
0.001454 2.403310
0.001455 2.402971
0.001456 2.403667
0.001457 2.402458
0.001458 2.403035
0.001459 2.404051
0.001460 2.404033
0.001461 2.402531
0.001462 2.403282
0.001463 2.402989
0.001464 2.402715
0.001465 2.402257
0.001466 2.401982
0.001467 2.403099
0.001468 2.401909
0.001469 2.403017
0.001470 2.402660
0.001471 2.403154
0.001472 2.402852
0.001473 2.402998
0.001474 2.402898
0.001475 2.404088
0.001476 2.403081
0.001477 2.402358
0.001478 2.402760
0.001479 2.402907
0.001480 2.401442
0.001481 2.402834
0.001482 2.402531
0.001483 2.403044
0.001484 2.402037
0.001485 2.402266
0.001486 2.403264
0.001487 2.404143
0.001488 2.402147
0.001489 2.402916
0.001490 2.403786
0.001491 2.404152
0.001492 2.403209
0.001493 2.403401
0.001494 2.402605
0.001495 2.403328
0.001496 2.403355
0.001497 2.403429
0.001498 2.402568
0.001499 2.402907
0.001500 2.403035
0.001501 2.402596
0.001502 2.403932
0.001503 2.402788
0.001504 2.403062
0.001505 2.402998
0.001506 2.403694
0.001507 2.402055
0.001508 2.402879
0.001509 2.403804
0.001510 2.403923
0.001511 2.402934
0.001512 2.402220
0.001513 2.403127
0.001514 2.402513
0.001515 2.403154
0.001516 2.403273
0.001517 2.402412
0.001518 2.402330
0.001519 2.403822
0.001520 2.403355
0.001521 2.403474
0.001522 2.402605
0.001523 2.402898
0.001524 2.403072
0.001525 2.403218
0.001526 2.403154
0.001527 2.403255
0.001528 2.402467
0.001529 2.403456
0.001530 2.403493
0.001531 2.403301
0.001532 2.402724
0.001533 2.403960
0.001534 2.403951
0.001535 2.402834
0.001536 2.402980
0.001537 2.401955
0.001538 2.402779
0.001539 2.402742
0.001540 2.402394
0.001541 2.401836
0.001542 2.402147
0.001543 2.402385
0.001544 2.401790
0.001545 2.402348
0.001546 2.402449
0.001547 2.402000
0.001548 2.401442
0.001549 2.402870
0.001550 2.402531
0.001551 2.403182
0.001552 2.401140
0.001553 2.400481
0.001554 2.401772
0.001555 2.400838
0.001556 2.401488
0.001557 2.401451
0.001558 2.399959
0.001559 2.400380
0.001560 2.398613
0.001561 2.399281
0.001562 2.400215
0.001563 2.398549
0.001564 2.397542
0.001565 2.398686
0.001566 2.396745
0.001567 2.397441
0.001568 2.396727
0.001569 2.396965
0.001570 2.395280
0.001571 2.396571
0.001572 2.394301
0.001573 2.394548
0.001574 2.394676
0.001575 2.392387
0.001576 2.391499
0.001577 2.391023
0.001578 2.390785
0.001579 2.390886
0.001580 2.388258
0.001581 2.387791
0.001582 2.387416
0.001583 2.387681
0.001584 2.386372
0.001585 2.385411
0.001586 2.383387
0.001587 2.382866
0.001588 2.382536
0.001589 2.381575
0.001590 2.380284
0.001591 2.378416
0.001592 2.377995
0.001593 2.378169
0.001594 2.373848
0.001595 2.375386
0.001596 2.372374
0.001597 2.374214
0.001598 2.371247
0.001599 2.371009
0.001600 2.369627
0.001601 2.371806
0.001602 2.368748
0.001603 2.368583
0.001604 2.366542
0.001605 2.369270
0.001606 2.366908
0.001607 2.366313
0.001608 2.368812
0.001609 2.365992
0.001610 2.368473
0.001611 2.369068
0.001612 2.368858
0.001613 2.368721
0.001614 2.371101
0.001615 2.372117
0.001616 2.370396
0.001617 2.369508
0.001618 2.370634
0.001619 2.372255
0.001620 2.374159
0.001621 2.375798
0.001622 2.374607
0.001623 2.374955
0.001624 2.376823
0.001625 2.376960
0.001626 2.377263
0.001627 2.378535
0.001628 2.379973
0.001629 2.380183
0.001630 2.380998
0.001631 2.379533
0.001632 2.380613
0.001633 2.379634
0.001634 2.380513
0.001635 2.381840
0.001636 2.381309
0.001637 2.382390
0.001638 2.381035
0.001639 2.381355
0.001640 2.381016
0.001641 2.381675
0.001642 2.380412
0.001643 2.381950
0.001644 2.382591
0.001645 2.384715
0.001646 2.382701
0.001647 2.382774
0.001648 2.383259
0.001649 2.384065
0.001650 2.384001
0.001651 2.383680
0.001652 2.385759
0.001653 2.387114
0.001654 2.386830
0.001655 2.386445
0.001656 2.387324
0.001657 2.387828
0.001658 2.386253
0.001659 2.387837
0.001660 2.389082
0.001661 2.389888
0.001662 2.388066
0.001663 2.390172
0.001664 2.388734
0.001665 2.389631
0.001666 2.389055
0.001667 2.390675
0.001668 2.389512
0.001669 2.390593
0.001670 2.391408
0.001671 2.392168
0.001672 2.392094
0.001673 2.391637
0.001674 2.392204
0.001675 2.391380
0.001676 2.392937
0.001677 2.390657
0.001678 2.391994
0.001679 2.393614
0.001680 2.394008
0.001681 2.393138
0.001682 2.394301
0.001683 2.395079
0.001684 2.392918
0.001685 2.394282
0.001686 2.394191
0.001687 2.395216
0.001688 2.395006
0.001689 2.396086
0.001690 2.394347
0.001691 2.396260
0.001692 2.395042
0.001693 2.394548
0.001694 2.395940
0.001695 2.396434
0.001696 2.395619
0.001697 2.396004
0.001698 2.396068
0.001699 2.398054
0.001700 2.397707
0.001701 2.397285
0.001702 2.397624
0.001703 2.398146
0.001704 2.398045
0.001705 2.397789
0.001706 2.397331
0.001707 2.397963
0.001708 2.398000
0.001709 2.399290
0.001710 2.400151
0.001711 2.399355
0.001712 2.398860
0.001713 2.398650
0.001714 2.399116
0.001715 2.399272
0.001716 2.399364
0.001717 2.399812
0.001718 2.400279
0.001719 2.399483
0.001720 2.400572
0.001721 2.401534
0.001722 2.399602
0.001723 2.401250
0.001724 2.401222
0.001725 2.401131
0.001726 2.400819
0.001727 2.400591
0.001728 2.400114
0.001729 2.400490
0.001730 2.401772
0.001731 2.402531
0.001732 2.401854
0.001733 2.400975
0.001734 2.402083
0.001735 2.402129
0.001736 2.403017
0.001737 2.402358
0.001738 2.401607
0.001739 2.402119
0.001740 2.401836
0.001741 2.403008
0.001742 2.401369
0.001743 2.403264
0.001744 2.401588
0.001745 2.402257
0.001746 2.402504
0.001747 2.402229
0.001748 2.402422
0.001749 2.402422
0.001750 2.402788
0.001751 2.404445
0.001752 2.402632
0.001753 2.401854
0.001754 2.403081
0.001755 2.403566
0.001756 2.402834
0.001757 2.402751
0.001758 2.401918
0.001759 2.403062
0.001760 2.403749
0.001761 2.403850
0.001762 2.402980
0.001763 2.401744
0.001764 2.402953
0.001765 2.403584
0.001766 2.403008
0.001767 2.403218
0.001768 2.402266
0.001769 2.402440
0.001770 2.402907
0.001771 2.403932
0.001772 2.402440
0.001773 2.403850
0.001774 2.403209
0.001775 2.404308
0.001776 2.402184
0.001777 2.403667
0.001778 2.403502
0.001779 2.403301
0.001780 2.403236
0.001781 2.403392
0.001782 2.402953
0.001783 2.403236
0.001784 2.402284
0.001785 2.402257
0.001786 2.402046
0.001787 2.402266
0.001788 2.403593
0.001789 2.403291
0.001790 2.402028
0.001791 2.403328
0.001792 2.403337
0.001793 2.403502
0.001794 2.402998
0.001795 2.403658
0.001796 2.402843
0.001797 2.403017
0.001798 2.402376
0.001799 2.403877
0.001800 2.403236
0.001801 2.403703
0.001802 2.401909
0.001803 2.401826
0.001804 2.402486
0.001805 2.403529
0.001806 2.403703
0.001807 2.403017
0.001808 2.402486
0.001809 2.402806
0.001810 2.403301
0.001811 2.403136
0.001812 2.403035
0.001813 2.403557
0.001814 2.402641
0.001815 2.402998
0.001816 2.404271
0.001817 2.403200
0.001818 2.402641
0.001819 2.404509
0.001820 2.402953
0.001821 2.403291
0.001822 2.403603
0.001823 2.404326
0.001824 2.403301
0.001825 2.404326
0.001826 2.403877
0.001827 2.403053
0.001828 2.404225
0.001829 2.403896
0.001830 2.401295
0.001831 2.402824
0.001832 2.403786
0.001833 2.403090
0.001834 2.402815
0.001835 2.403154
0.001836 2.403923
0.001837 2.403969
0.001838 2.404482
0.001839 2.402861
0.001840 2.402898
0.001841 2.402971
0.001842 2.403438
0.001843 2.403941
0.001844 2.402815
0.001845 2.404582
0.001846 2.403511
0.001847 2.403282
0.001848 2.404189
0.001849 2.404015
0.001850 2.404079
0.001851 2.403218
0.001852 2.403438
0.001853 2.403401
0.001854 2.403529
0.001855 2.403722
0.001856 2.403777
0.001857 2.404436
0.001858 2.404500
0.001859 2.403932
0.001860 2.403603
0.001861 2.405168
0.001862 2.404234
0.001863 2.404244
0.001864 2.403731
0.001865 2.403319
0.001866 2.403008
0.001867 2.404884
0.001868 2.403548
0.001869 2.404710
0.001870 2.402605
0.001871 2.404106
0.001872 2.403639
0.001873 2.403722
0.001874 2.403319
0.001875 2.403291
0.001876 2.404097
0.001877 2.403777
0.001878 2.404125
0.001879 2.404747
0.001880 2.404445
0.001881 2.402934
0.001882 2.403832
0.001883 2.403438
0.001884 2.404591
0.001885 2.404756
0.001886 2.403832
0.001887 2.404125
0.001888 2.402678
0.001889 2.404674
0.001890 2.403832
0.001891 2.404500
0.001892 2.404701
0.001893 2.405104
0.001894 2.403969
0.001895 2.403191
0.001896 2.404189
0.001897 2.404353
0.001898 2.403850
0.001899 2.404921
0.001900 2.402687
0.001901 2.404564
0.001902 2.403859
0.001903 2.405214
0.001904 2.404665
0.001905 2.405379
0.001906 2.404060
0.001907 2.404619
0.001908 2.404637
0.001909 2.405168
0.001910 2.403996
0.001911 2.404710
0.001912 2.404500
0.001913 2.405379
0.001914 2.402889
0.001915 2.405324
0.001916 2.405498
0.001917 2.404363
0.001918 2.403493
0.001919 2.403923
0.001920 2.403502
0.001921 2.404216
0.001922 2.403447
0.001923 2.404546
0.001924 2.402806
0.001925 2.403941
0.001926 2.403438
0.001927 2.404189
0.001928 2.403218
0.001929 2.405095
0.001930 2.403438
0.001931 2.404610
0.001932 2.404170
0.001933 2.405599
0.001934 2.403932
0.001935 2.405049
0.001936 2.403420
0.001937 2.405306
0.001938 2.403731
0.001939 2.403328
0.001940 2.403923
0.001941 2.403282
0.001942 2.403639
0.001943 2.404225
0.001944 2.403026
0.001945 2.404802
0.001946 2.403456
0.001947 2.403932
0.001948 2.403502
0.001949 2.402531
0.001950 2.404829
0.001951 2.405058
0.001952 2.404216
0.001953 2.404051
0.001954 2.403246
0.001955 2.404143
0.001956 2.403044
0.001957 2.402907
0.001958 2.403621
0.001959 2.405150
0.001960 2.402953
0.001961 2.402119
0.001962 2.403694
0.001963 2.404097
0.001964 2.403154
0.001965 2.402815
0.001966 2.403465
0.001967 2.402751
0.001968 2.402028
0.001969 2.402403
0.001970 2.402202
0.001971 2.400270
0.001972 2.401991
0.001973 2.402119
0.001974 2.400948
0.001975 2.400618
0.001976 2.400197
0.001977 2.399437
0.001978 2.399803
0.001979 2.399400
0.001980 2.397935
0.001981 2.398109
0.001982 2.398320
0.001983 2.398164
0.001984 2.399565
0.001985 2.399785
0.001986 2.399135
0.001987 2.398979
0.001988 2.398622
0.001989 2.398485
0.001990 2.398769
0.001991 2.400105
0.001992 2.399858
0.001993 2.401122
0.001994 2.398668
0.001995 2.399382
0.001996 2.398622
0.001997 2.398375
0.001998 2.398311
0.001999 2.397295
0.002000 2.397569
0.002001 2.396828
0.002002 2.395793
0.002003 2.396681
0.002004 2.394667
0.002005 2.394713
0.002006 2.393266
0.002007 2.392076
0.002008 2.391939
0.002009 2.390547
0.002010 2.389558
0.002011 2.387443
0.002012 2.387663
0.002013 2.385319
0.002014 2.382765
0.002015 2.383287
0.002016 2.382564
0.002017 2.382142
0.002018 2.380073
0.002019 2.378233
0.002020 2.378279
0.002021 2.377208
0.002022 2.374818
0.002023 2.374772
0.002024 2.373463
0.002025 2.369691
0.002026 2.368885
0.002027 2.365480
0.002028 2.361552
0.002029 2.360041
0.002030 2.355253
0.002031 2.353742
0.002032 2.350904
0.002033 2.347471
0.002034 2.339689
0.002035 2.338608
0.002036 2.330268
0.002037 2.320700
0.002038 2.314658
0.002039 2.309137
0.002040 2.295331
0.002041 2.286697
0.002042 2.280691
0.002043 2.268688
0.002044 2.265814
0.002045 2.259588
0.002046 2.254635
0.002047 2.247997
0.002048 2.243978
0.002049 2.245718
0.002050 2.244820
0.002051 2.243072
0.002052 2.241488
0.002053 2.246615
0.002054 2.250378
0.002055 2.252822
0.002056 2.257812
0.002057 2.262948
0.002058 2.269100
0.002059 2.271133
0.002060 2.272808
0.002061 2.276773
0.002062 2.273614
0.002063 2.275225
0.002064 2.277267
0.002065 2.278668
0.002066 2.279144
0.002067 2.275244
0.002068 2.274978
0.002069 2.273687
0.002070 2.272378
0.002071 2.271673
0.002072 2.267297
0.002073 2.253060
0.002074 2.231005
0.002075 2.200957
0.002076 2.168336
0.002077 2.139203
0.002078 2.120957
0.002079 2.111032
0.002080 2.108203
0.002081 2.103845
0.002082 2.096164
0.002083 2.096704
0.002084 2.099286
0.002085 2.102261
0.002086 2.111435
0.002087 2.115674
0.002088 2.120591
0.002089 2.139487
0.002090 2.167063
0.002091 2.196681
0.002092 2.231133
0.002093 2.262582
0.002094 2.281927
0.002095 2.292621
0.002096 2.297922
0.002097 2.304038
0.002098 2.308057
0.002099 2.310043
0.002100 2.311005
0.002101 2.318485
0.002102 2.318705
0.002103 2.323117
0.002104 2.324610
0.002105 2.327402
0.002106 2.327723
0.002107 2.332813
0.002108 2.334040
0.002109 2.338151
0.002110 2.341025
0.002111 2.344221
0.002112 2.344981
0.002113 2.346381
0.002114 2.349503
0.002115 2.352049
0.002116 2.353385
0.002117 2.355802
0.002118 2.358787
0.002119 2.358155
0.002120 2.360023
0.002121 2.361808
0.002122 2.363548
0.002123 2.365956
0.002124 2.365241
0.002125 2.367979
0.002126 2.369737
0.002127 2.369682
0.002128 2.373079
0.002129 2.373902
0.002130 2.373719
0.002131 2.376173
0.002132 2.375880
0.002133 2.379634
0.002134 2.380037
0.002135 2.380522
0.002136 2.379835
0.002137 2.382829
0.002138 2.381263
0.002139 2.382866
0.002140 2.384358
0.002141 2.386134
0.002142 2.386152
0.002143 2.387425
0.002144 2.387059
0.002145 2.386812
0.002146 2.388945
0.002147 2.389549
0.002148 2.391563
0.002149 2.390712
0.002150 2.392863
0.002151 2.391270
0.002152 2.392488
0.002153 2.393596
0.002154 2.395381
0.002155 2.395024
0.002156 2.395381
0.002157 2.396800
0.002158 2.397057
0.002159 2.397148
0.002160 2.397166
0.002161 2.397972
0.002162 2.397194
0.002163 2.398558
0.002164 2.398540
0.002165 2.399226
0.002166 2.398824
0.002167 2.399364
0.002168 2.399226
0.002169 2.399648
0.002170 2.398933
0.002171 2.400371
0.002172 2.400252
0.002173 2.399455
0.002174 2.399583
0.002175 2.401625
0.002176 2.399757
0.002177 2.401222
0.002178 2.402486
0.002179 2.401790
0.002180 2.401012
0.002181 2.402687
0.002182 2.401982
0.002183 2.402477
0.002184 2.401946
0.002185 2.402879
0.002186 2.402239
0.002187 2.402037
0.002188 2.402760
0.002189 2.403264
0.002190 2.403108
0.002191 2.402660
0.002192 2.401973
0.002193 2.402486
0.002194 2.403529
0.002195 2.403209
0.002196 2.403685
0.002197 2.403502
0.002198 2.402358
0.002199 2.403145
0.002200 2.402504
0.002201 2.402586
0.002202 2.403868
0.002203 2.404417
0.002204 2.403026
0.002205 2.403987
0.002206 2.403365
0.002207 2.404710
0.002208 2.404491
0.002209 2.404729
0.002210 2.402797
0.002211 2.404784
0.002212 2.402879
0.002213 2.402696
0.002214 2.403355
0.002215 2.403804
0.002216 2.404335
0.002217 2.404033
0.002218 2.403548
0.002219 2.403584
0.002220 2.403713
0.002221 2.405516
0.002222 2.402843
0.002223 2.404344
0.002224 2.404775
0.002225 2.404353
0.002226 2.404134
0.002227 2.404857
0.002228 2.404060
0.002229 2.404665
0.002230 2.403832
0.002231 2.405324
0.002232 2.404546
0.002233 2.405489
0.002234 2.405003
0.002235 2.405168
0.002236 2.405626
0.002237 2.405150
0.002238 2.405562
0.002239 2.404125
0.002240 2.403172
0.002241 2.405251
0.002242 2.404720
0.002243 2.404463
0.002244 2.404537
0.002245 2.404967
0.002246 2.404509
0.002247 2.406230
0.002248 2.405269
0.002249 2.405525
0.002250 2.403557
0.002251 2.405480
0.002252 2.404601
0.002253 2.405425
0.002254 2.405754
0.002255 2.403877
0.002256 2.404958
0.002257 2.405974
0.002258 2.405049
0.002259 2.405708
0.002260 2.404884
0.002261 2.405919
0.002262 2.404573
0.002263 2.405104
0.002264 2.405351
0.002265 2.404298
0.002266 2.405470
0.002267 2.405443
0.002268 2.404353
0.002269 2.404591
0.002270 2.404802
0.002271 2.404894
0.002272 2.403767
0.002273 2.405635
0.002274 2.404976
0.002275 2.405141
0.002276 2.404802
0.002277 2.405919
0.002278 2.404729
0.002279 2.405214
0.002280 2.404939
0.002281 2.405425
0.002282 2.405013
0.002283 2.405754
0.002284 2.404738
0.002285 2.405177
0.002286 2.405599
0.002287 2.405498
0.002288 2.406542
0.002289 2.405397
0.002290 2.404408
0.002291 2.404244
0.002292 2.404784
0.002293 2.405772
0.002294 2.404692
0.002295 2.406395
0.002296 2.404317
0.002297 2.404765
0.002298 2.403960
0.002299 2.405351
0.002300 2.404710
0.002301 2.406020
0.002302 2.405544
0.002303 2.405260
0.002304 2.404417
0.002305 2.404939
0.002306 2.405360
0.002307 2.403960
0.002308 2.404930
0.002309 2.405122
0.002310 2.404610
0.002311 2.405287
0.002312 2.402779
0.002313 2.404207
0.002314 2.404244
0.002315 2.404134
0.002316 2.401799
0.002317 2.403392
0.002318 2.403246
0.002319 2.401360
0.002320 2.402852
0.002321 2.402330
0.002322 2.402431
0.002323 2.401396
0.002324 2.399043
0.002325 2.396196
0.002326 2.391179
0.002327 2.384889
0.002328 2.379368
0.002329 2.378315
0.002330 2.373646
0.002331 2.369618
0.002332 2.370259
0.002333 2.370314
0.002334 2.370872
0.002335 2.368775
0.002336 2.369023
0.002337 2.368125
0.002338 2.367631
0.002339 2.368885
0.002340 2.367970
0.002341 2.372895
0.002342 2.372786
0.002343 2.375560
0.002344 2.371934
0.002345 2.372557
0.002346 2.371202
0.002347 2.369142
0.002348 2.367704
0.002349 2.366578
0.002350 2.367750
0.002351 2.365937
0.002352 2.365388
0.002353 2.363301
0.002354 2.363502
0.002355 2.362028
0.002356 2.359886
0.002357 2.360719
0.002358 2.363172
0.002359 2.367320
0.002360 2.374626
0.002361 2.378041
0.002362 2.380623
0.002363 2.381602
0.002364 2.383616
0.002365 2.381950
0.002366 2.383287
0.002367 2.382701
0.002368 2.380504
0.002369 2.381721
0.002370 2.381712
0.002371 2.383928
0.002372 2.384614
0.002373 2.385054
0.002374 2.383323
0.002375 2.382499
0.002376 2.380861
0.002377 2.382335
0.002378 2.379048
0.002379 2.380247
0.002380 2.378196
0.002381 2.377317
0.002382 2.377244
0.002383 2.375157
0.002384 2.376521
0.002385 2.374800
0.002386 2.377647
0.002387 2.373939
0.002388 2.376008
0.002389 2.377629
0.002390 2.376841
0.002391 2.376466
0.002392 2.374214
0.002393 2.377766
0.002394 2.377400
0.002395 2.377272
0.002396 2.376814
0.002397 2.377931
0.002398 2.378608
0.002399 2.377024
0.002400 2.378746
0.002401 2.378370
0.002402 2.378672
0.002403 2.378718
0.002404 2.377766
0.002405 2.380037
0.002406 2.379487
0.002407 2.379689
0.002408 2.377464
0.002409 2.376072
0.002410 2.373765
0.002411 2.370790
0.002412 2.369783
0.002413 2.366770
0.002414 2.364601
0.002415 2.362010
0.002416 2.360737
0.002417 2.360032
0.002418 2.358805
0.002419 2.358613
0.002420 2.357707
0.002421 2.360243
0.002422 2.360142
0.002423 2.362275
0.002424 2.363072
0.002425 2.365251
0.002426 2.367558
0.002427 2.371513
0.002428 2.373463
0.002429 2.378856
0.002430 2.381767
0.002431 2.381831
0.002432 2.384514
0.002433 2.387288
0.002434 2.387224
0.002435 2.387691
0.002436 2.387022
0.002437 2.388927
0.002438 2.386702
0.002439 2.388423
0.002440 2.389842
0.002441 2.387709
0.002442 2.388917
0.002443 2.386775
0.002444 2.386656
0.002445 2.387416
0.002446 2.386656
0.002447 2.388313
0.002448 2.384129
0.002449 2.383076
0.002450 2.384541
0.002451 2.383754
0.002452 2.383589
0.002453 2.382234
0.002454 2.380302
0.002455 2.378416
0.002456 2.377922
0.002457 2.376228
0.002458 2.374864
0.002459 2.375184
0.002460 2.371971
0.002461 2.370689
0.002462 2.365672
0.002463 2.368675
0.002464 2.365708
0.002465 2.368171
0.002466 2.366596
0.002467 2.366459
0.002468 2.366734
0.002469 2.367924
0.002470 2.368501
0.002471 2.370048
0.002472 2.370158
0.002473 2.374159
0.002474 2.374836
0.002475 2.376658
0.002476 2.379414
0.002477 2.381382
0.002478 2.384569
0.002479 2.385493
0.002480 2.384733
0.002481 2.387352
0.002482 2.387507
0.002483 2.389586
0.002484 2.390510
0.002485 2.391829
0.002486 2.391572
0.002487 2.390721
0.002488 2.391563
0.002489 2.390748
0.002490 2.391875
0.002491 2.392580
0.002492 2.391060
0.002493 2.392735
0.002494 2.392461
0.002495 2.391792
0.002496 2.391334
0.002497 2.391627
0.002498 2.391362
0.002499 2.390666
0.002500 2.392360
0.002501 2.389631
0.002502 2.391069
0.002503 2.390053
0.002504 2.389897
0.002505 2.390538
0.002506 2.387498
0.002507 2.388038
0.002508 2.387544
0.002509 2.386867
0.002510 2.385100
0.002511 2.382673
0.002512 2.382069
0.002513 2.382673
0.002514 2.381877
0.002515 2.380055
0.002516 2.380394
0.002517 2.379258
0.002518 2.378270
0.002519 2.379066
0.002520 2.380385
0.002521 2.379753
0.002522 2.381071
0.002523 2.382618
0.002524 2.382225
0.002525 2.384120
0.002526 2.383168
0.002527 2.385649
0.002528 2.384779
0.002529 2.387095
0.002530 2.387562
0.002531 2.388084
0.002532 2.390657
0.002533 2.390849
0.002534 2.393523
0.002535 2.392204
0.002536 2.393275
0.002537 2.391920
0.002538 2.393010
0.002539 2.394493
0.002540 2.394182
0.002541 2.393486
0.002542 2.393541
0.002543 2.396397
0.002544 2.396104
0.002545 2.394722
0.002546 2.395656
0.002547 2.396278
0.002548 2.396342
0.002549 2.393806
0.002550 2.396635
0.002551 2.394200
0.002552 2.395674
0.002553 2.393861
0.002554 2.394099
0.002555 2.394108
0.002556 2.394878
0.002557 2.395216
0.002558 2.393907
0.002559 2.393797
0.002560 2.392827
0.002561 2.393568
0.002562 2.393092
0.002563 2.393349
0.002564 2.391627
0.002565 2.393495
0.002566 2.389833
0.002567 2.392268
0.002568 2.390455
0.002569 2.390977
0.002570 2.389732
0.002571 2.389512
0.002572 2.389494
0.002573 2.387883
0.002574 2.388066
0.002575 2.387709
0.002576 2.385777
0.002577 2.386610
0.002578 2.385805
0.002579 2.385219
0.002580 2.383799
0.002581 2.383543
0.002582 2.379936
0.002583 2.380266
0.002584 2.379780
0.002585 2.378041
0.002586 2.376832
0.002587 2.373893
0.002588 2.372117
0.002589 2.372090
0.002590 2.367118
0.002591 2.366606
0.002592 2.363703
0.002593 2.360627
0.002594 2.357240
0.002595 2.352158
0.002596 2.348533
0.002597 2.343104
0.002598 2.337830
0.002599 2.329993
0.002600 2.321863
0.002601 2.314237
0.002602 2.299918
0.002603 2.283603
0.002604 2.266299
0.002605 2.243795
0.002606 2.219506
0.002607 2.192781
0.002608 2.163154
0.002609 2.127796
0.002610 2.107709
0.002611 2.085965
0.002612 2.068524
0.002613 2.057757
0.002614 2.044610
0.002615 2.036333
0.002616 2.041048
0.002617 2.033367
0.002618 2.042348
0.002619 2.053335
0.002620 2.048748
0.002621 2.063021
0.002622 2.096017
0.002623 2.128363
0.002624 2.149751
0.002625 2.175111
0.002626 2.199895
0.002627 2.214864
0.002628 2.227507
0.002629 2.239446
0.002630 2.249279
0.002631 2.254351
0.002632 2.262939
0.002633 2.267233
0.002634 2.272808
0.002635 2.275418
0.002636 2.278961
0.002637 2.283740
0.002638 2.286972
0.002639 2.292584
0.002640 2.297501
0.002641 2.298343
0.002642 2.301904
0.002643 2.305109
0.002644 2.308011
0.002645 2.309384
0.002646 2.312570
0.002647 2.321021
0.002648 2.320352
0.002649 2.328299
0.002650 2.331870
0.002651 2.335322
0.002652 2.339368
0.002653 2.342463
0.002654 2.348093
0.002655 2.353431
0.002656 2.354612
0.002657 2.360142
0.002658 2.360764
0.002659 2.363722
0.002660 2.367265
0.002661 2.367329
0.002662 2.369279
0.002663 2.372676
0.002664 2.374479
0.002665 2.373188
0.002666 2.373408
0.002667 2.377949
0.002668 2.378306
0.002669 2.378608
0.002670 2.377803
0.002671 2.379570
0.002672 2.381218
0.002673 2.382884
0.002674 2.381941
0.002675 2.383287
0.002676 2.382701
0.002677 2.382014
0.002678 2.383516
0.002679 2.383909
0.002680 2.382051
0.002681 2.384660
0.002682 2.382033
0.002683 2.384010
0.002684 2.381932
0.002685 2.382966
0.002686 2.381089
0.002687 2.381254
0.002688 2.383021
0.002689 2.384138
0.002690 2.383214
0.002691 2.382838
0.002692 2.382481
0.002693 2.383186
0.002694 2.381456
0.002695 2.382115
0.002696 2.383223
0.002697 2.381410
0.002698 2.383946
0.002699 2.382390
0.002700 2.382280
0.002701 2.382390
0.002702 2.382683
0.002703 2.383488
0.002704 2.381913
0.002705 2.381666
0.002706 2.380952
0.002707 2.381877
0.002708 2.381007
0.002709 2.381776
0.002710 2.381804
0.002711 2.382353
0.002712 2.381428
0.002713 2.380531
0.002714 2.380568
0.002715 2.380128
0.002716 2.379240
0.002717 2.379130
0.002718 2.378773
0.002719 2.377913
0.002720 2.378920
0.002721 2.378764
0.002722 2.377748
0.002723 2.378398
0.002724 2.381199
0.002725 2.378352
0.002726 2.378929
0.002727 2.379286
0.002728 2.378581
0.002729 2.379405
0.002730 2.378370
0.002731 2.379478
0.002732 2.377656
0.002733 2.377885
0.002734 2.378499
0.002735 2.379634
0.002736 2.378746
0.002737 2.376869
0.002738 2.378553
0.002739 2.379680
0.002740 2.378746
0.002741 2.379945
0.002742 2.379588
0.002743 2.381172
0.002744 2.380357
0.002745 2.378810
0.002746 2.379725
0.002747 2.379606
0.002748 2.379158
0.002749 2.380467
0.002750 2.381456
0.002751 2.379240
0.002752 2.381016
0.002753 2.381135
0.002754 2.382838
0.002755 2.382005
0.002756 2.379680
0.002757 2.382023
0.002758 2.379322
0.002759 2.379203
0.002760 2.379606
0.002761 2.380137
0.002762 2.378718
0.002763 2.379387
0.002764 2.377134
0.002765 2.375148
0.002766 2.374791
0.002767 2.373133
0.002768 2.372163
0.002769 2.367192
0.002770 2.366853
0.002771 2.364408
0.002772 2.360920
0.002773 2.361579
0.002774 2.360655
0.002775 2.360114
0.002776 2.358247
0.002777 2.359034
0.002778 2.360481
0.002779 2.359547
0.002780 2.362678
0.002781 2.363529
0.002782 2.367942
0.002783 2.372062
0.002784 2.374516
0.002785 2.377766
0.002786 2.378938
0.002787 2.383552
0.002788 2.384230
0.002789 2.387919
0.002790 2.391344
0.002791 2.391279
0.002792 2.393230
0.002793 2.393568
0.002794 2.396104
0.002795 2.396104
0.002796 2.397734
0.002797 2.396992
0.002798 2.398521
0.002799 2.399016
0.002800 2.399419
0.002801 2.399016
0.002802 2.397826
0.002803 2.399025
0.002804 2.399858
0.002805 2.401030
0.002806 2.400444
0.002807 2.400407
0.002808 2.400838
0.002809 2.400984
0.002810 2.399290
0.002811 2.401067
0.002812 2.400371
0.002813 2.400371
0.002814 2.401497
0.002815 2.401570
0.002816 2.403072
0.002817 2.402174
0.002818 2.401863
0.002819 2.402449
0.002820 2.402037
0.002821 2.402083
0.002822 2.402852
0.002823 2.402898
0.002824 2.401186
0.002825 2.402348
0.002826 2.402193
0.002827 2.402733
0.002828 2.402632
0.002829 2.402422
0.002830 2.402284
0.002831 2.401854
0.002832 2.401030
0.002833 2.403053
0.002834 2.402751
0.002835 2.402815
0.002836 2.402266
0.002837 2.402641
0.002838 2.402843
0.002839 2.402824
0.002840 2.402202
0.002841 2.403584
0.002842 2.402843
0.002843 2.403548
0.002844 2.402138
0.002845 2.404024
0.002846 2.403145
0.002847 2.403053
0.002848 2.403108
0.002849 2.403511
0.002850 2.402696
0.002851 2.402449
0.002852 2.403200
0.002853 2.403639
0.002854 2.404518
0.002855 2.403291
0.002856 2.403703
0.002857 2.404015
0.002858 2.403127
0.002859 2.402760
0.002860 2.402211
0.002861 2.403740
0.002862 2.404280
0.002863 2.403310
0.002864 2.403209
0.002865 2.403749
0.002866 2.403328
0.002867 2.401671
0.002868 2.403062
0.002869 2.403832
0.002870 2.402184
0.002871 2.402971
0.002872 2.403200
0.002873 2.403786
0.002874 2.404408
0.002875 2.402422
0.002876 2.402312
0.002877 2.403090
0.002878 2.403502
0.002879 2.403731
0.002880 2.403575
0.002881 2.404710
0.002882 2.403346
0.002883 2.403191
0.002884 2.402998
0.002885 2.401588
0.002886 2.402943
0.002887 2.403914
0.002888 2.403630
0.002889 2.404710
0.002890 2.403044
0.002891 2.403841
0.002892 2.403474
0.002893 2.403282
0.002894 2.403172
0.002895 2.404949
0.002896 2.403960
0.002897 2.404427
0.002898 2.403822
0.002899 2.403053
0.002900 2.402998
0.002901 2.403731
0.002902 2.403310
0.002903 2.403529
0.002904 2.402568
0.002905 2.403832
0.002906 2.402962
0.002907 2.404161
0.002908 2.402879
0.002909 2.404070
0.002910 2.403246
0.002911 2.404683
0.002912 2.403246
0.002913 2.403822
0.002914 2.404289
0.002915 2.404756
0.002916 2.404115
0.002917 2.403557
0.002918 2.402367
0.002919 2.402467
0.002920 2.404289
0.002921 2.403914
0.002922 2.402605
0.002923 2.402632
0.002924 2.402074
0.002925 2.402193
0.002926 2.402055
0.002927 2.402019
0.002928 2.401030
0.002929 2.399739
0.002930 2.398677
0.002931 2.397908
0.002932 2.396938
0.002933 2.396406
0.002934 2.395995
0.002935 2.395528
0.002936 2.394713
0.002937 2.395235
0.002938 2.393935
0.002939 2.394484
0.002940 2.394466
0.002941 2.396663
0.002942 2.394539
0.002943 2.398018
0.002944 2.398164
0.002945 2.399657
0.002946 2.399574
0.002947 2.399492
0.002948 2.400517
0.002949 2.400206
0.002950 2.400279
0.002951 2.400398
0.002952 2.401790
0.002953 2.401030
0.002954 2.400270
0.002955 2.401030
0.002956 2.401305
0.002957 2.401122
0.002958 2.400490
0.002959 2.401186
0.002960 2.401286
0.002961 2.401442
0.002962 2.400142
0.002963 2.401534
0.002964 2.400783
0.002965 2.401451
0.002966 2.401836
0.002967 2.402568
0.002968 2.403859
0.002969 2.403072
0.002970 2.401598
0.002971 2.403548
0.002972 2.403163
0.002973 2.401790
0.002974 2.402943
0.002975 2.403731
0.002976 2.404262
0.002977 2.405003
0.002978 2.404857
0.002979 2.403703
0.002980 2.404848
0.002981 2.404207
0.002982 2.404070
0.002983 2.404573
0.002984 2.403502
0.002985 2.403667
0.002986 2.403630
0.002987 2.404225
0.002988 2.403877
0.002989 2.404903
0.002990 2.404234
0.002991 2.403612
0.002992 2.402889
0.002993 2.403429
0.002994 2.402779
0.002995 2.403639
0.002996 2.404024
0.002997 2.402989
0.002998 2.403328
0.002999 2.401781
0.003000 2.404042
0.003001 2.402733
0.003002 2.402596
0.003003 2.403072
0.003004 2.403438
0.003005 2.404710
0.003006 2.404207
0.003007 2.404170
0.003008 2.403044
0.003009 2.403987
0.003010 2.404537
0.003011 2.404491
0.003012 2.404976
0.003013 2.404253
0.003014 2.403896
0.003015 2.402834
0.003016 2.405562
0.003017 2.405754
0.003018 2.404079
0.003019 2.405415
0.003020 2.404436
0.003021 2.404298
0.003022 2.404353
0.003023 2.404289
0.003024 2.404289
0.003025 2.404866
0.003026 2.402321
0.003027 2.403511
0.003028 2.403200
0.003029 2.402055
0.003030 2.401405
0.003031 2.401872
0.003032 2.400526
0.003033 2.400563
0.003034 2.400087
0.003035 2.401561
0.003036 2.400169
0.003037 2.400224
0.003038 2.398961
0.003039 2.400673
0.003040 2.400444
0.003041 2.400169
0.003042 2.401442
0.003043 2.402678
0.003044 2.401405
0.003045 2.402477
0.003046 2.403465
0.003047 2.402641
0.003048 2.402934
0.003049 2.404271
0.003050 2.404253
0.003051 2.403941
0.003052 2.404244
0.003053 2.404326
0.003054 2.403932
0.003055 2.404811
0.003056 2.404692
0.003057 2.404079
0.003058 2.404674
0.003059 2.404656
0.003060 2.404033
0.003061 2.404399
0.003062 2.404939
0.003063 2.404775
0.003064 2.404234
0.003065 2.404738
0.003066 2.404884
0.003067 2.405232
0.003068 2.405388
0.003069 2.404344
0.003070 2.404656
0.003071 2.405141
0.003072 2.403493
0.003073 2.405159
0.003074 2.404298
0.003075 2.405745
0.003076 2.405187
0.003077 2.404875
0.003078 2.404207
0.003079 2.405425
0.003080 2.404399
0.003081 2.405223
0.003082 2.403511
0.003083 2.406020
0.003084 2.404619
0.003085 2.404262
0.003086 2.404582
0.003087 2.404967
0.003088 2.404683
0.003089 2.406075
0.003090 2.405800
0.003091 2.404573
0.003092 2.404692
0.003093 2.404747
0.003094 2.405342
0.003095 2.405452
0.003096 2.404381
0.003097 2.404692
0.003098 2.404106
0.003099 2.405058
0.003100 2.404537
0.003101 2.405910
0.003102 2.405296
0.003103 2.404747
0.003104 2.404756
0.003105 2.405342
0.003106 2.404701
0.003107 2.405461
0.003108 2.405727
0.003109 2.405251
0.003110 2.404408
0.003111 2.405800
0.003112 2.406093
0.003113 2.404253
0.003114 2.405617
0.003115 2.405296
0.003116 2.404042
0.003117 2.404408
0.003118 2.403072
0.003119 2.405031
0.003120 2.405113
0.003121 2.405873
0.003122 2.404482
0.003123 2.405800
0.003124 2.405205
0.003125 2.404829
0.003126 2.405168
0.003127 2.405260
0.003128 2.404985
0.003129 2.405882
0.003130 2.404683
0.003131 2.405626
0.003132 2.405150
0.003133 2.405837
0.003134 2.404353
0.003135 2.405177
0.003136 2.406395
0.003137 2.406038
0.003138 2.405571
0.003139 2.406679
0.003140 2.404582
0.003141 2.405599
0.003142 2.405553
0.003143 2.405360
0.003144 2.405370
0.003145 2.404646
0.003146 2.405223
0.003147 2.405672
0.003148 2.405644
0.003149 2.406523
0.003150 2.406139
0.003151 2.405553
0.003152 2.405168
0.003153 2.405214
0.003154 2.405599
0.003155 2.404317
0.003156 2.405113
0.003157 2.406203
0.003158 2.406001
0.003159 2.406184
0.003160 2.406432
0.003161 2.405864
0.003162 2.406358
0.003163 2.405562
0.003164 2.404537
0.003165 2.405269
0.003166 2.404134
0.003167 2.406523
0.003168 2.404518
0.003169 2.405003
0.003170 2.405196
0.003171 2.404793
0.003172 2.404912
0.003173 2.406423
0.003174 2.404939
0.003175 2.405672
0.003176 2.405113
0.003177 2.406450
0.003178 2.405635
0.003179 2.406221
0.003180 2.405214
0.003181 2.404216
0.003182 2.405434
0.003183 2.405608
0.003184 2.405223
0.003185 2.406130
0.003186 2.405736
0.003187 2.405370
0.003188 2.406496
0.003189 2.405324
0.003190 2.403273
0.003191 2.403145
0.003192 2.405553
0.003193 2.406340
0.003194 2.403932
0.003195 2.404775
0.003196 2.404408
0.003197 2.404326
0.003198 2.405443
0.003199 2.406789
0.003200 2.405342
0.003201 2.404491
0.003202 2.404985
0.003203 2.405763
0.003204 2.404271
0.003205 2.405873
0.003206 2.406029
0.003207 2.406340
0.003208 2.405626
0.003209 2.405296
0.003210 2.405626
0.003211 2.405132
0.003212 2.405031
0.003213 2.404930
0.003214 2.406633
0.003215 2.405580
0.003216 2.405168
0.003217 2.406413
0.003218 2.404637
0.003219 2.406166
0.003220 2.403932
0.003221 2.405360
0.003222 2.403914
0.003223 2.404656
0.003224 2.404234
0.003225 2.405315
0.003226 2.404097
0.003227 2.404344
0.003228 2.403960
0.003229 2.404692
0.003230 2.403850
0.003231 2.404353
0.003232 2.403832
0.003233 2.402925
0.003234 2.402797
0.003235 2.402577
0.003236 2.402770
0.003237 2.401772
0.003238 2.402486
0.003239 2.400865
0.003240 2.401158
0.003241 2.401350
0.003242 2.398814
0.003243 2.400517
0.003244 2.399785
0.003245 2.401295
0.003246 2.400746
0.003247 2.401112
0.003248 2.399236
0.003249 2.401479
0.003250 2.401753
0.003251 2.402330
0.003252 2.403804
0.003253 2.403246
0.003254 2.402550
0.003255 2.404097
0.003256 2.403557
0.003257 2.403777
0.003258 2.404298
0.003259 2.404701
0.003260 2.404152
0.003261 2.405571
0.003262 2.404756
0.003263 2.404509
0.003264 2.405983
0.003265 2.403877
0.003266 2.405232
0.003267 2.405342
0.003268 2.404353
0.003269 2.405562
0.003270 2.405763
0.003271 2.405095
0.003272 2.406157
0.003273 2.404930
0.003274 2.405663
0.003275 2.406056
0.003276 2.405168
0.003277 2.406596
0.003278 2.405425
0.003279 2.404189
0.003280 2.404610
0.003281 2.404994
0.003282 2.404088
0.003283 2.405827
0.003284 2.404527
0.003285 2.404308
0.003286 2.403365
0.003287 2.404005
0.003288 2.403987
0.003289 2.403456
0.003290 2.401936
0.003291 2.402449
0.003292 2.403301
0.003293 2.401204
0.003294 2.401707
0.003295 2.403163
0.003296 2.402788
0.003297 2.403282
0.003298 2.404417
0.003299 2.404601
0.003300 2.404115
0.003301 2.405379
0.003302 2.404921
0.003303 2.405360
0.003304 2.404729
0.003305 2.406120
0.003306 2.405406
0.003307 2.406551
0.003308 2.407613
0.003309 2.405187
0.003310 2.405846
0.003311 2.405718
0.003312 2.405846
0.003313 2.406322
0.003314 2.406230
0.003315 2.406093
0.003316 2.406880
0.003317 2.407155
0.003318 2.405058
0.003319 2.406221
0.003320 2.406294
0.003321 2.407549
0.003322 2.406642
0.003323 2.406844
0.003324 2.406322
0.003325 2.406587
0.003326 2.405415
0.003327 2.406413
0.003328 2.407173
0.003329 2.407228
0.003330 2.405544
0.003331 2.407320
0.003332 2.407274
0.003333 2.406835
0.003334 2.405690
0.003335 2.406075
0.003336 2.406615
0.003337 2.407997
0.003338 2.405223
0.003339 2.406917
0.003340 2.406514
0.003341 2.406844
0.003342 2.404262
0.003343 2.407530
0.003344 2.406157
0.003345 2.406789
0.003346 2.404912
0.003347 2.406596
0.003348 2.406743
0.003349 2.405681
0.003350 2.405974
0.003351 2.407137
0.003352 2.405727
0.003353 2.406697
0.003354 2.407439
0.003355 2.406395
0.003356 2.406001
0.003357 2.406798
0.003358 2.406212
0.003359 2.405690
0.003360 2.405580
0.003361 2.405800
0.003362 2.406340
0.003363 2.407054
0.003364 2.405837
0.003365 2.406139
0.003366 2.405324
0.003367 2.406093
0.003368 2.404207
0.003369 2.405571
0.003370 2.405809
0.003371 2.405516
0.003372 2.405132
0.003373 2.404720
0.003374 2.405360
0.003375 2.404875
0.003376 2.404875
0.003377 2.404949
0.003378 2.404518
0.003379 2.406029
0.003380 2.403209
0.003381 2.403264
0.003382 2.403703
0.003383 2.403182
0.003384 2.402165
0.003385 2.404646
0.003386 2.402412
0.003387 2.402980
0.003388 2.403099
0.003389 2.402028
0.003390 2.401561
0.003391 2.401057
0.003392 2.400279
0.003393 2.399290
0.003394 2.397881
0.003395 2.398210
0.003396 2.398466
0.003397 2.397762
0.003398 2.395628
0.003399 2.396150
0.003400 2.394539
0.003401 2.395171
0.003402 2.393037
0.003403 2.394356
0.003404 2.392195
0.003405 2.393440
0.003406 2.392946
0.003407 2.394878
0.003408 2.394026
0.003409 2.394649
0.003410 2.394878
0.003411 2.395116
0.003412 2.396260
0.003413 2.397093
0.003414 2.394704
0.003415 2.395070
0.003416 2.392717
0.003417 2.392433
0.003418 2.391261
0.003419 2.391554
0.003420 2.392671
0.003421 2.392369
0.003422 2.391984
0.003423 2.392003
0.003424 2.393349
0.003425 2.394163
0.003426 2.395061
0.003427 2.397762
0.003428 2.399052
0.003429 2.399968
0.003430 2.401460
0.003431 2.402376
0.003432 2.402770
0.003433 2.401836
0.003434 2.402449
0.003435 2.402074
0.003436 2.402229
0.003437 2.401616
0.003438 2.401030
0.003439 2.400371
0.003440 2.398915
0.003441 2.398943
0.003442 2.396883
0.003443 2.395711
0.003444 2.395573
0.003445 2.394932
0.003446 2.395042
0.003447 2.393825
0.003448 2.392488
0.003449 2.393413
0.003450 2.394310
0.003451 2.396040
0.003452 2.398723
0.003453 2.397679
0.003454 2.399190
0.003455 2.401634
0.003456 2.401881
0.003457 2.402348
0.003458 2.403026
0.003459 2.404573
0.003460 2.404335
0.003461 2.404683
0.003462 2.405360
0.003463 2.405507
0.003464 2.405443
0.003465 2.406358
0.003466 2.405013
0.003467 2.405617
0.003468 2.405489
0.003469 2.406303
0.003470 2.405736
0.003471 2.405718
0.003472 2.406963
0.003473 2.406578
0.003474 2.405919
0.003475 2.405068
0.003476 2.406102
0.003477 2.407832
0.003478 2.405919
0.003479 2.405580
0.003480 2.406661
0.003481 2.407201
0.003482 2.405937
0.003483 2.407878
0.003484 2.406816
0.003485 2.407668
0.003486 2.406963
0.003487 2.407521
0.003488 2.406496
0.003489 2.405983
0.003490 2.406331
0.003491 2.406496
0.003492 2.405351
0.003493 2.407512
0.003494 2.407045
0.003495 2.406908
0.003496 2.407146
0.003497 2.407256
0.003498 2.407695
0.003499 2.407027
0.003500 2.407063
0.003501 2.407430
0.003502 2.406798
0.003503 2.406212
0.003504 2.407851
0.003505 2.407759
0.003506 2.406880
0.003507 2.406899
0.003508 2.407237
0.003509 2.405205
0.003510 2.406725
0.003511 2.407539
0.003512 2.406212
0.003513 2.407512
0.003514 2.407475
0.003515 2.407613
0.003516 2.407613
0.003517 2.406944
0.003518 2.408116
0.003519 2.406688
0.003520 2.406349
0.003521 2.406386
0.003522 2.405937
0.003523 2.406633
0.003524 2.407594
0.003525 2.407201
0.003526 2.406221
0.003527 2.407878
0.003528 2.405837
0.003529 2.405864
0.003530 2.406175
0.003531 2.406981
0.003532 2.407073
0.003533 2.406853
0.003534 2.406029
0.003535 2.406752
0.003536 2.408199
0.003537 2.407054
0.003538 2.406148
0.003539 2.407869
0.003540 2.407073
0.003541 2.407677
0.003542 2.406487
0.003543 2.406661
0.003544 2.406313
0.003545 2.407759
0.003546 2.407118
0.003547 2.406020
0.003548 2.406468
0.003549 2.406056
0.003550 2.405910
0.003551 2.406331
0.003552 2.406551
0.003553 2.407411
0.003554 2.407549
0.003555 2.405772
0.003556 2.405956
0.003557 2.406523
0.003558 2.406001
0.003559 2.407265
0.003560 2.407402
0.003561 2.406670
0.003562 2.407219
0.003563 2.407054
0.003564 2.405370
0.003565 2.407036
0.003566 2.405626
0.003567 2.407439
0.003568 2.406560
0.003569 2.406056
0.003570 2.407201
0.003571 2.406944
0.003572 2.406990
0.003573 2.406734
0.003574 2.406615
0.003575 2.406798
0.003576 2.406184
0.003577 2.407668
0.003578 2.407173
0.003579 2.408107
0.003580 2.406194
0.003581 2.407457
0.003582 2.406972
0.003583 2.407054
0.003584 2.408208
0.003585 2.406954
0.003586 2.405965
0.003587 2.407192
0.003588 2.406908
0.003589 2.407475
0.003590 2.406633
0.003591 2.406880
0.003592 2.405946
0.003593 2.406624
0.003594 2.406880
0.003595 2.407155
0.003596 2.407164
0.003597 2.407192
0.003598 2.405507
0.003599 2.406697
0.003600 2.408226
0.003601 2.408162
0.003602 2.407457
0.003603 2.406596
0.003604 2.407027
0.003605 2.407659
0.003606 2.406670
0.003607 2.406633
0.003608 2.407201
0.003609 2.407091
0.003610 2.405965
0.003611 2.406688
0.003612 2.407054
0.003613 2.407475
0.003614 2.407924
0.003615 2.406468
0.003616 2.407567
0.003617 2.408482
0.003618 2.406157
0.003619 2.407594
0.003620 2.405727
0.003621 2.407155
0.003622 2.405974
0.003623 2.408190
0.003624 2.407704
0.003625 2.406944
0.003626 2.407594
0.003627 2.406999
0.003628 2.406853
0.003629 2.405782
0.003630 2.406294
0.003631 2.407375
0.003632 2.407018
0.003633 2.408226
0.003634 2.406789
0.003635 2.406944
0.003636 2.407100
0.003637 2.407613
0.003638 2.406670
0.003639 2.405956
0.003640 2.407118
0.003641 2.408116
0.003642 2.406496
0.003643 2.406880
0.003644 2.408043
0.003645 2.406514
0.003646 2.406001
0.003647 2.407073
0.003648 2.406505
0.003649 2.407723
0.003650 2.407659
0.003651 2.407933
0.003652 2.407951
0.003653 2.406990
0.003654 2.406816
0.003655 2.406084
0.003656 2.406194
0.003657 2.407008
0.003658 2.407018
0.003659 2.407887
0.003660 2.407192
0.003661 2.407283
0.003662 2.408043
0.003663 2.407054
